Run semi-empirical minimization
 &qmmm
  scfconv=1.d-7 tight_p_conv=0  qmcharge=0,
 /
   8    O1        5.4760       -1.3750        0.5820 
   6    C1        4.1970       -1.1250        0.9010 
   8    O2        3.8160       -1.2790        2.0370 
   6    C2        3.2350       -0.6510       -0.1580 
   6    C3        1.8530       -0.4420        0.4650 
   7     N        0.9440        0.1150       -0.5400 
  16    S1       -0.0320       -0.8910       -1.4230 
   8    O3       -0.3590       -0.1720       -2.6040 
   8    O4        0.5920       -2.1670       -1.3820 
   6    C4       -1.5440       -1.0690       -0.5360 
   6    C5       -2.5880       -0.1940       -0.7680 
   6    C6       -3.7750       -0.3340       -0.0730 
   6    C7       -3.9170       -1.3490        0.8540 
   6    C8       -2.8730       -2.2250        1.0850 
   6    C9       -1.6880       -2.0880        0.3870 
   6   C10       -5.2110       -1.5010        1.6120 
   6    CA        0.8970        1.5620       -0.7630 
   6     C        0.0040        2.2020        0.2690 
   8     O       -0.5730        1.5120        1.0830 
   7    N2       -0.1540        3.5400        0.2870 
   6   C13       -1.0220        4.1620        1.2900 
   6   C14        0.5430        4.3730       -0.6970 
   1    H1        6.0930       -1.6790        1.2610 
   1    H2        3.5900        0.2900       -0.5770 
   1    H3        3.1680       -1.3980       -0.9490 
   1    H4        1.4640       -1.3980        0.8160 
   1    H5        1.9330        0.2480        1.3040 
   1    H6       -2.4770        0.6000       -1.4920 
   1    H7       -4.5910        0.3510       -0.2540 
   1    H8       -2.9850       -3.0190        1.8090 
   1    H9       -0.8730       -2.7730        0.5670 
   1   H10       -5.8810       -2.1590        1.0590 
   1   H11       -5.0080       -1.9310        2.5930 
   1   H12       -5.6780       -0.5240        1.7330 
   1   H13        1.9020        1.9750       -0.6800 
   1   H14        0.5030        1.7640       -1.7600 
   1   H15       -0.4370        4.4010        2.1780 
   1   H16       -1.4530        5.0750        0.8810 
   1   H17       -1.8210        3.4700        1.5570 
   1   H18        1.1370        3.7390       -1.3550 
   1   H19       -0.1880        4.9260       -1.2870 
   1   H20        1.1980        5.0750       -0.1790 

