Run semi-empirical minimization
 &qmmm
  scfconv=1.d-7 tight_p_conv=0  qmcharge=0,
 /
   6    C1        3.3960        1.4730        0.3600 
   6    C2        2.4880        0.7150       -0.5730 
   8    O1        2.4930        0.9640       -1.7590 
   7     N        1.6690       -0.2400       -0.0890 
   6    C3        0.8580       -1.0440       -1.0060 
   1    H1        0.9510       -0.6470       -2.0170 
   6    C4        1.3460       -2.4940       -0.9810 
   6    C5       -0.5860       -0.9920       -0.5770 
   6    C6       -1.2980       -2.1430       -0.4310 
   6    C7       -2.6330       -2.1150       -0.0350 
   6    C8       -3.2650       -0.9360        0.2170 
   6    C9       -2.5620        0.2730        0.0770 
   6   C10       -3.1810        1.5100        0.3280 
   6   C11       -2.4690        2.6600        0.1810 
   6   C12       -1.1330        2.6320       -0.2150 
   6   C13       -0.5010        1.4530       -0.4670 
   6   C14       -1.2020        0.2440       -0.3210 
   6     C        1.5970       -0.4560        1.2400 
   8     O        2.2740        0.2040        1.9980 
   6   C16        0.6750       -1.5170        1.7820 
   1    H2        4.0320        2.1440       -0.2170 
   1    H3        2.7950        2.0550        1.0590 
   1    H4        4.0180        0.7690        0.9140 
   1    H5        1.1870       -2.9140        0.0120 
   1    H6        0.7890       -3.0770       -1.7150 
   1    H7        2.4080       -2.5250       -1.2230 
   1    H8       -0.8200       -3.0920       -0.6240 
   1    H9       -3.1760       -3.0430        0.0730 
   1   H10       -4.3010       -0.9290        0.5230 
   1   H11       -4.2150        1.5470        0.6350 
   1   H12       -2.9460        3.6100        0.3750 
   1   H13       -0.5910        3.5600       -0.3240 
   1   H14        0.5340        1.4470       -0.7740 
   1   H15        0.2160       -2.0570        0.9540 
   1   H16        1.2440       -2.2130        2.3980 
   1   H17       -0.1020       -1.0490        2.3860 

