Run semi-empirical minimization
 &qmmm
  scfconv=1.d-7 tight_p_conv=0  qmcharge=0,
 /
   6    C1        3.0680       -0.9480       -0.2520 
   6    C2        1.9100       -0.0590        0.1230 
   8    O1        2.1030        0.9490        0.7690 
   7     N        0.6590       -0.3850       -0.2600 
   6    CA       -0.4670        0.4780        0.1040 
   1    H1       -0.2910        0.9080        1.0900 
   6    C4       -0.6020        1.6020       -0.9250 
   6     C       -1.7350       -0.3350        0.1300 
   8     O       -1.7020       -1.5150       -0.1300 
   8    O3       -2.9020        0.2510        0.4410 
   1    H2        3.9920       -0.5250        0.1420 
   1    H3        2.9150       -1.9420        0.1680 
   1    H4        3.1350       -1.0190       -1.3380 
   1    H5        0.5050       -1.1920       -0.7770 
   1    H6       -0.7780        1.1720       -1.9110 
   1    H7       -1.4400        2.2440       -0.6540 
   1    H8        0.3160        2.1900       -0.9440 
   1    H9       -3.7160       -0.2700        0.4580 

