Run semi-empirical minimization
 &qmmm
  scfconv=1.d-7 tight_p_conv=0  qmcharge=0,
 /
   6    C1        3.0420       -0.0530        1.1470 
   6    C2        1.5400       -0.1770        1.1490 
   8    O1        0.9540       -0.4290        2.1800 
   7     N        0.8480       -0.0070        0.0050 
   6    C3       -0.5540       -0.0060        0.0270 
   6    C4       -1.2450        1.1840        0.2120 
   6    C5       -0.4890        2.4760        0.3890 
   6    C6       -2.6260        1.1830        0.2330 
   6    C7       -3.3200       -0.0020        0.0700 
   6    C8       -2.6340       -1.1890       -0.1140 
   6    C9       -1.2530       -1.1930       -0.1410 
   6   C10       -0.5070       -2.4860       -0.3420 
   6     C        1.5040        0.1610       -1.1610 
   8     O        2.7110        0.0580       -1.1970 
   6   C12        0.7360        0.4760       -2.4180 
   1    H1        3.4140       -0.1300        2.1680 
   1    H2        3.4710       -0.8520        0.5420 
   1    H3        3.3260        0.9120        0.7280 
   1    H4       -0.3230        2.9360       -0.5850 
   1    H5       -1.0690        3.1530        1.0160 
   1    H6        0.4710        2.2730        0.8640 
   1    H7       -3.1640        2.1080        0.3770 
   1    H8       -4.4000       -0.0010        0.0880 
   1    H9       -3.1790       -2.1130       -0.2400 
   1   H10       -0.3460       -2.6510       -1.4070 
   1   H11        0.4560       -2.4330        0.1660 
   1   H12       -1.0900       -3.3100        0.0700 
   1   H13       -0.3330        0.4410       -2.2100 
   1   H14        1.0050        1.4730       -2.7680 
   1   H15        0.9810       -0.2570       -3.1870 

