Run semi-empirical minimization
 &qmmm
  scfconv=1.d-7 tight_p_conv=0  qmcharge=0,
 /
   6    C1        2.3350        1.7880       -1.8680 
   6    C2        1.4280        1.5640       -0.6850 
   8    O1        0.9170        2.5110       -0.1260 
   7     N        1.1860        0.3120       -0.2490 
  16    S1        0.1890        0.0670        1.0510 
   8    O2        0.5470       -1.2040        1.5760 
   8    O3        0.1940        1.2880        1.7770 
   6    C3       -1.4500       -0.1150        0.4310 
   6    C4       -1.9260       -1.3680        0.0930 
   6    C5       -3.2120       -1.5110       -0.3930 
   6    C6       -4.0220       -0.4010       -0.5410 
   6    C7       -3.5470        0.8520       -0.2020 
   6    C8       -2.2620        0.9940        0.2890 
   6    C9       -5.4240       -0.5560       -1.0720 
   6    CA        1.8030       -0.8320       -0.9250 
   6     C        3.1840       -1.0590       -0.3660 
   8     O        3.6090       -0.3400        0.5070 
   8    O5        3.9420       -2.0610       -0.8390 
   1    H1        3.3620        1.9050       -1.5220 
   1    H2        2.2730        0.9310       -2.5400 
   1    H3        2.0250        2.6880       -2.3980 
   1    H4       -1.2930       -2.2360        0.2080 
   1    H5       -3.5840       -2.4900       -0.6580 
   1    H6       -4.1800        1.7200       -0.3170 
   1    H7       -1.8900        1.9730        0.5540 
   1    H8       -6.1110       -0.7210       -0.2410 
   1    H9       -5.7120        0.3490       -1.6070 
   1   H10       -5.4630       -1.4080       -1.7500 
   1   H11        1.1950       -1.7210       -0.7630 
   1   H12        1.8730       -0.6280       -1.9940 
   1   H13        4.8290       -2.2070       -0.4800 

