Run semi-empirical minimization
 &qmmm
  scfconv=1.d-7 tight_p_conv=0  qmcharge=0,
 /
   7     N       -0.5840       -0.2900       -0.2280 
   6    C1       -1.7450        0.5760        0.0140 
   6    C2       -1.9880        1.4580       -1.2120 
   6    C3       -2.9620       -0.2750        0.2700 
   8    O1       -2.8710       -1.4800        0.2520 
   8    O2       -4.1470        0.3050        0.5170 
   6    CA        0.6080        0.4920        0.1290 
   6     C        1.8420       -0.3420       -0.0970 
   8     O        1.7400       -1.4760       -0.5150 
   7    N2        3.0600        0.1720        0.1650 
   6    C6        4.2600       -0.6390       -0.0560 
   6    C7        3.1840        1.5420        0.6690 
   1    H1       -0.6430       -1.0470        0.4350 
   1    H2       -1.5540        1.2060        0.8830 
   1    H3       -2.1800        0.8280       -2.0810 
   1    H4       -2.8500        2.1010       -1.0320 
   1    H5       -1.1080        2.0740       -1.3970 
   1    H6       -4.9280       -0.2410        0.6810 
   1    H7        0.6550        1.3870       -0.4920 
   1    H8        0.5510        0.7800        1.1790 
   1    H9        4.6170       -0.4900       -1.0750 
   1   H10        5.0360       -0.3390        0.6490 
   1   H11        4.0200       -1.6920        0.0950 
   1   H12        2.1920        1.9830        0.7680 
   1   H13        3.6740        1.5270        1.6430 
   1   H14        3.7770        2.1330       -0.0280 

