Run semi-empirical minimization
 &qmmm
  scfconv=1.d-7 tight_p_conv=0  qmcharge=0,
 /
   6    C1        1.8250        2.0140       -2.0380 
   6    C2        0.8670        1.8820       -0.8820 
   8    O1        0.1330        2.8040       -0.5940 
   7     N        0.8270        0.7400       -0.1680 
  16    S1       -0.2250        0.5950        1.1030 
   8    O2        0.3150       -0.4200        1.9370 
   8    O3       -0.5230        1.9230        1.5110 
   6    C3       -1.7320       -0.0600        0.4660 
   6    C4       -1.9260       -1.4280        0.4190 
   6    C5       -3.1080       -1.9420       -0.0800 
   6    C6       -4.0970       -1.0880       -0.5310 
   6    C7       -3.9040        0.2800       -0.4830 
   6    C8       -2.7230        0.7940        0.0200 
   6    C9       -5.3860       -1.6480       -1.0770 
   6    CA        1.7130       -0.3730       -0.5160 
   6    CB        3.0720       -0.1720        0.1580 
   6     C        3.9840       -1.3180       -0.2000 
   8     O        3.5880       -2.2030       -0.9200 
   8    O5        5.2370       -1.3540        0.2820 
   1    H1        2.7720        2.4180       -1.6810 
   1    H2        1.9930        1.0340       -2.4850 
   1    H3        1.4020        2.6860       -2.7850 
   1    H4       -1.1540       -2.0950        0.7720 
   1    H5       -3.2590       -3.0100       -0.1180 
   1    H6       -4.6760        0.9480       -0.8360 
   1    H7       -2.5720        1.8630        0.0580 
   1    H8       -6.1060       -1.7590       -0.2660 
   1    H9       -5.7870       -0.9690       -1.8290 
   1   H10       -5.1960       -2.6210       -1.5290 
   1   H11        1.2720       -1.3090       -0.1730 
   1   H12        1.8460       -0.4080       -1.5970 
   1   H13        3.5130        0.7640       -0.1840 
   1   H14        2.9400       -0.1380        1.2390 
   1   H15        5.8220       -2.0880        0.0520 

