Run semi-empirical minimization
 &qmmm
  scfconv=1.d-7 tight_p_conv=0  qmcharge=0,
 /
   8    O1        0.3240        3.8710        0.9880 
   6    C1        0.1140        2.5540        0.8320 
   8    O2        0.7020        1.7620        1.5300 
   6    C2       -0.8550        2.0640       -0.2130 
   7     N       -0.8110        0.6010       -0.2720 
  16    S1        0.1480       -0.1540       -1.3910 
   8    O3       -0.4730       -1.4060       -1.6490 
   8    O4        0.4500        0.8320       -2.3690 
   6    C3        1.6790       -0.5320       -0.6040 
   6    C4        1.8070       -1.6920        0.1370 
   6    C5        3.0070       -1.9890        0.7540 
   6    C6        4.0800       -1.1260        0.6310 
   6    C7        3.9520        0.0340       -0.1110 
   6    C8        2.7530        0.3280       -0.7320 
   6    C9        5.3890       -1.4490        1.3050 
   6    CA       -1.6150       -0.1940        0.6600 
   6     C       -3.0080       -0.3570        0.1070 
   8     O       -3.3000        0.1410       -0.9590 
   7    N2       -3.9290       -1.0580        0.7980 
   6   C12       -5.2820       -1.2170        0.2620 
   6   C13       -3.5760       -1.6600        2.0870 
   1    H1        0.9460        4.1850        1.6590 
   1    H2       -1.8630        2.3880        0.0460 
   1    H3       -0.5800        2.4750       -1.1840 
   1    H4        0.9690       -2.3670        0.2330 
   1    H5        3.1070       -2.8950        1.3330 
   1    H6        4.7900        0.7080       -0.2070 
   1    H7        2.6530        1.2340       -1.3110 
   1    H8        6.0130       -2.0310        0.6260 
   1    H9        5.9010       -0.5230        1.5660 
   1   H10        5.1990       -2.0270        2.2090 
   1   H11       -1.1580       -1.1750        0.7890 
   1   H12       -1.6640        0.3140        1.6230 
   1   H13       -5.3260       -2.1160       -0.3530 
   1   H14       -5.9920       -1.3040        1.0850 
   1   H15       -5.5370       -0.3480       -0.3460 
   1   H16       -2.5350       -1.4360        2.3190 
   1   H17       -4.2190       -1.2510        2.8670 
   1   H18       -3.7130       -2.7400        2.0330 

